8803
1029
2533
2002
8751
5031
6959
3372
1485
8397
589
9189
6714
3946
9386
5182
5668
8771
2256
9724
567
9375
1918
7454
9263
9554
8645
5977
9312
2234
3868
1929
8820
3012
9628
3689
8529
1564
6136
6077
2913
1147
1773
927
8579
8155
2551
3943
5045
7981
5267
6292
9217
9370
9782
9652
3006
6647
1514
4382
7907
8617
1487
5859
7402
9907
8673
4659
8140
5239
9085
2716
1211
6474
1161
4308
2378
5253
3816
3203
6384
7842
609
5481
6223
7754
707
3514
5559
8111
3757
8491
1479
5545
433
7172
5911
4066
9703
4404
3506
564
931
3254
4142
2471
3568
6338
818
1132
8686
7282
1469
6239
7886
8676
9661
7148
2835
7207
7562
2416
4625
3318
8968
7427
3507
1834
7405
6821
9417
5459
8072
7827
6610
4593
3919
4642
1399
1951
7922
5106
8398
4838
8928
1641
5477
2380
1057
6393
6088
3498
8513
7608
5396
9892
634
2237
4109
8142
7203
7940
5374
2083
9493
9896
5880
3679
1375
1208
3173
2402
6990
4486
4489
5914
4284
1309
8812
2289
136
8515
4520
2340
3887
6951
2665
6591
7268
5096
6256
2449
4354
1174
476
2039
5517
4144
9420
2228
9625
4341
3586
76
9452
4922
8087
3226
7787
5230
9829
8283
6343
1616
5198
6270
7262
6032
4011
9094
7069
769
4059
5114
4569
6123
1501
2850
4859
219
2103
7932
6439
4875
9448
8312
35
7428
6879
3954
5082
9004
6548
395
3157
8507
8060
7942
7208
5610
6511
7522
5399
2297
2404
9163
6823
2106
6023
8090
7060
9280
2488
2139
1794
6667
807
8994
7934
9814
6982
6328
502
1657
7710
3796
2344
87
471
4241
4493
3716
117
9714
6680
6207
827
2112
3404
171
3200
6368
4978
2397
897
9781
3215
2795
7966
9390
8304
3367
9066
964
3478
1550
6704
3298
5514
9830
5409
5876
3631
7255
7613
5098
6300
9427
1204
415
8434
7224
5566
4987
2250
9548
4465
9933
9309
5632
4336
3965
4673
9503
1388
7201
3693
7071
1148
2472
6097
3881
1371
1885
1993
4863
2018
5163
4446
1184
7338
7991
5070
6857
4935
8096
1889
9582
8502
5218
550
6588
8936
7118
6615
2974
1120
5470
1904
5780
8110
3313
4741
1289
1580
8822
6233
2833
3315
7066
8262
153
4573
1406
4968
6103
7866
111
1870
6469
4513
8241
274
7366
6263
5892
6498
8842
1249
1234
209
204
40
360
698
9071
5990
9874
822
7797
1322
8329
7109
3549
27
8581
1945
8946
7635
7507
4888
3922
8480
8729
7447
8274
1182
721
7004
6876
7294
7852
7128
1025
6961
5888
6161
2947
1090
677
7498
8131
7433
4443
6294
2153
5682
4007
2087
4521
9119
517
833
3703
1640
4199
7494
6120
9853
720
6802
6806
5029
4037
3117
621
7346
4492
2753
1599
7390
7885
1093
3181
7504
2339
7590
3279
377
8389
7712
2337
3244
3087
5310
3820
6767
2528
4964
2858
62
8886
82
7049
3863
776
6494
1496
8753
8485
8095
9362
8125
9451
6846
8948
1434
8702
4065
5998
2168
5577
2577
3174
2031
6014
6824
630
1080
904
6605
1894
7836
9989
8310
9098
957
4461
722
1331
7153
1335
8011
7389
4969
5979
820
3582
9580
5607
8959
6545
1756
9772
9502
340
1110
1224
2701
3966
3046
2605
7379
1047
7566
4022
7018
4916
4214
4031
3822
3531
7277
3411
5137
9175
9236
8303
1441
2582
9042
4189
2971
9960
7847
6828
1974
6227
4405
4649
2853
7388
6488
9898
8735
9314
2611
6152
1769
8458
8219
6182
7692
1332
7418
4498
4669
2329
2713
1841
361
7002
636
8747
661
816
1818
2788
9397
637
2366
7753
8586
4217
5001
7627
9671
1212
9564
412
2667
5179
5569
1823
4554
7947
9022
5597
2276
7482
4403
8245
9717
9038
1030
243
5360
5078
8390
7728
4440
4614
5489
3615
4397
5958
7325
4934
3182
8988
1743
58
9050
5603
4717
4719
4745
1518
9431
317
8279
7774
5047
6301
106
4697
7570
279
3460
3864
3643
386
6571
794
9180
4393
4755
6547
1286
3876
4437
7466
7328
7082
7364
432
3779
8711
2490
177
1832
1826
991
2542
9030
5498
2501
1617
3505
7793
5624
9689
4511
9460
2226
2541
2695
1817
1961
1274
8059
4976
115
9934
8375
2624
1990
687
2602
7457
2439
4907
2659
6788
4002
6577
7211
2952
7228
7127
6850
250
8215
5
4598
4074
2684
8967
9627
4581
772
4287
1578
7253
836
6284
568
1167
7952
181
8189
2373
9193
5579
7246
2024
8020
1460
6056
277
3052
3509
2348
3248
812
9835
3815
2500
4225
7053
3421
1414
9293
9116
61
8866
5529
57
1854
7970
7851
1767
2649
495
1830
9029
2898
7861
3669
1310
3142
2199
8231
8124
5832
5795
2381
3224
5775
9436
8393
8214
1646
5976
6946
6526
9991
7348
935
6872
8127
1235
1494
5467
2476
4298
756
865
5510
5818
4900
9190
193
9239
3836
302
3311
633
4097
2707
9023
3519
2247
4431
7229
7648
9798
5066
2181
6087
9695
5181
669
454
8323
3341
6968
6124
839
7612
4501
8762
5261
8306
4636
6574
6601
2205
4620
8492
7171
241
5487
5478
7441
2015
3732
5164
9881
3469
3338
3771
6552
9711
4693
9706
7075
8809
3750
1921
4748
9574
2273
3083
9106
5222
7805
423
9728
4897
1712
1944
1557
7192
8648
8860
6646
9532
5187
2883
7089
1197
4814
5790
9035
7587
233
7598
2563
1686
874
1714
1593
3774
5737
1052
4010
8713
2948
737
2332
5028
1711
5599
7181
3613
2134
6789
1736
8235
6138
719
2559
9118
2005
4320
4594
3528
6010
1475
1098
6593
6853
6394
2543
5794
1445
3744
1939
6421
3016
2079
8030
598
6515
1613
1039
6566
9434
2918
8168
7949
2740
5978
8387
9400
2546
1491
1519
3977
398
5770
26
8582
9837
7013
9995
2620
7086
4286
5324
1728
6994
6583
7028
8969
643
8361
3675
1524
3355
1838
540
2503
6139
8000
5157
990
4024
7775
7381
7555
2458
2930
4378
7906
3479
4365
981
2396
4977
7100
1853
5287
264
9039
5496
3952
4736
7738
1130
7462
8964
7782
751
5930
2673
3025
6546
9450
862
8754
4974
8489
6381
6454
3432
3476
9480
5451
3145
5972
4310
2391
4780
1630
5528
8384
1970
309
8827
2575
5271
2179
5959
5965
4070
2878
3285
5479
2777
313
1645
1321
9575
101
2799
7483
9260
3567
3927
4019
9566
5741
3236
2902
220
5438
8102
9403
2960
601
2790
9144
3534
8944
8501
1294
7642
9188
9726
8022
4200
4864
4407
8505
4139
561
7014
7291
6011
3651
3518
5483
9827
1283
7984
5966
899
1102
8392
4306
5229
3040
8952
3245
3066
7521
915
305
3632
4529
9709
606
8525
9854
1631
380
683
8051
3957
1265
6848
1
4479
3727
2246
7343
9187
6644
283
2446
4937
6611
2485
1218
8469
2006
2532
2856
503
845
1482
2978
559
2092
3177
6827
9603
1779
7746
9526
9095
5915
4293
7184
2349
2023
3088
6174
9616
2981
4797
2751
3442
355
5652
5530
2870
6212
8429
6587
318
7986
1932
7264
9597
1824
6509
5855
8855
659
4752
7849
7276
4379
3856
792
1369
9316
8426
3649
2291
7251
2170
6725
3969
7508
1405
446
6307
9591
5420
9392
8919
971
9519
8624
4998
1941
6006
3107
2451
1220
8319
8569
1545
2367
8844
2217
8223
9859
2123
7628
813
2395
2222
7221
3354
7844
1372
9053
889
7506
2474
1836
4720
5933
2747
8292
5197
6042
8540
5745
8500
4784
9509
5894
2241
7319
587
4872
4858
9319
2723
876
8230
3661
2794
5358
7421
3034
6813
3677
8449
8116
8164
2954
8431
9932
5605
9099
3431
8014
6807
5122
8318
6639
9998
3862
60
8787
4230
53
7624
9880
1920
8174
7309
5344
9556
7336
6796
4821
7781
1020
2739
2470
447
624
7230
9002
7235
7064
1611
1986
8005
1706
9535
5258
9096
8566
8532
7768
7670
4808
4775
203
3489
1142
7964
9302
2988
373
6057
3672
709
8105
811
7409
3211
8490
3296
484
49
8694
1398
7645
6624
6541
2798
1439
2135
7547
7052
2296
8864
692
1155
1660
4096
8796
9465
4099
2480
64
8665
8923
7730
3100
367
8477
3683
8541
2866
8804
6919
4905
922
703
1116
9538
6536
2286
7545
2193
1609
7076
7383
2238
3972
5503
4029
6726
3428
9585
2209
7456
4742
9753
6899
4972
1636
7286
8862
4647
4904
9505
9802
7602
1492
469
4187
3121
2702
9715
2916
7898
48
4424
6021
9441
210
9569
4970
7227
5414
2862
8136
2820
8839
7742
9387
4857
6060
4790
7912
704
3847
6582
3894
6476
4124
4181
6216
9415
8975
2735
649
1386
8849
8012
2086
1554
2867
4704
9545
2136
2519
3742
4140
1670
8675
6158
4145
3809
9935
7274
6779
3503
3429
4754
6279
3925
9150
9793
1843
9406
332
5971
7450
7848
2931
6094
4921
8774
627
5151
7815
572
4003
2980
2694
1642
4482
1935
9201
7411
261
2680
7386
9939
5338
1803
2044
9457
2101
4333
7699
1805
2871
6102
5774
6761
9665
7811
5837
2001
5178
4694
9675
5368
2848
8770
3
7523
9623
8199
5012
9611
293
3153
2592
8546
7606
6366
3446
3968
6869
227
2498
6351
8853
5606
5630
2655
8875
8266
934
5449
5811
7047
5302
9342
512
5968
3929
9670
8980
7178
46
3869
92
9927
2172
9251
9204
7791
3832
3207
6306
1509
69
1655
2434
4843
8558
7930
7916
848
6934
6286
9577
3208
5913
2057
3237
7600
4480
3124
7695
6510
3909
5802
700
917
464
223
1783
3275
1549
3080
3636
3515
8653
59
7129
5156
5217
3875
6000
8064
3511
3150
7308
8320
5512
5675
4212
711
3839
4874
4168
1852
494
2925
3348
8188
6818
1497
9687
7758
7863
4041
8383
8768
6581
4160
7615
8082
7238
5206
3307
9861
1883
8900
3152
1179
3642
9705
8452
2108
9296
8730
6820
535
4980
9384
6090
65
6882
246
4358
5618
507
8763
9516
3725
1947
1732
5778
881
5085
4941
2418
2359
6748
9291
2191
8414
6947
7761
3695
8045
3470
9227
5341
8088
1821
2581
7637
5127
6244
9662
9943
6739
9036
8841
1925
8950
2676
2165
8670
8908
4413
8481
6215
6623
2656
1526
11
1340
5349
1186
8623
6246
1936
5839
3801
4883
460
7006
4380
1605
9567
7012
6142
8054
6800
8757
187
8360
4280
9877
5228
8179
8015
2164
4246
852
2610
3738
3890
4958
3979
7840
6418
2049
8551
5685
1403
8971
7520
8606
7819
3007
3516
4601
7575
6186
6317
4237
2985
1546
5269
9242
3414
2484
370
5133
2392
9899
5245
2865
3347
7017
457
3130
9825
3782
4899
3415
3031
9945
3286
9529
2221
2442
8576
6160
2579
2999
7397
1470
6958
290
5084
8040
490
6047
6043
8739
194
9617
789
3655
6804
3232
1940
3089
2514
1966
2152
9097
1196
2156
1725
8838
701
3474
9235
7108
7818
9700
8290
4162
8016
9504
9183
716
9059
2594
5853
3106
5356
1314
1040
5235
8496
4979
8295
3763
4288
2384
5323
7117
8584
7000
3747
9887
3039
4173
2204
7647
6729
7121
3115
1254
6303
1117
9425
597
2647
7961
9756
8818
6496
838
8993
3989
7881
585
6921
8455
8789
6005
3777
3737
837
6012
6431
32
7632
3764
9261
3606
7690
9130
3945
9716
276
5277
6382
8708
3058
3376
325
6165
5518
3103
2188
8181
2755
4394
9742
2869
9125
1994
5697
9412
8150
9870
2466
6822
1561
891
4791
6683
7594
5472
7233
5334
3827
7394
9990
3659
3048
3451
8463
9402
8752
3892
4112
655
6221
2491
9607
1410
4613
775
3914
5601
7972
6427
9061
3720
749
6372
3092
5317
8146
1971
7723
5960
358
3512
7261
179
311
7196
2560
9979
6529
8619
9070
7435
9481
1362
3450
8162
1287
4681
2837
5952
7954
3280
7957
5909
3457
7256
8061
1672
3334
3044
2150
54
4534
9064
9656
877
381
1438
4132
1704
166
5173
5054
1814
3096
9514
2309
3403
8931
3810
1619
8707
3195
4992
6179
2565
4729
186
9788
7765
4585
434
5345
4604
8093
4550
208
7439
225
8038
6745
257
9264
1998
6875
544
8521
6852
4077
3903
4103
691
4279
8856
3786
6181
7859
7856
3149
3778
5033
5611
5080
2399
9258
577
7614
8917
8910
6962
3417
493
3188
5722
8346
947
8585
3594
8728
7408
7985
4807
3274
8475
5046
9377
8640
8984
2590
6561
8760
2939
8380
6719
7250
1381
9667
8683
2262
941
3400
5300
1647
4895
6129
357
4312
4504
9680
6452
7410
2411
4967
7919
3575
5752
4592
7513
4713
5413
4188
2408
4660
3276
7703
2962
6276
1718
2195
7305
5584
1062
4815
3813
2896
6162
6634
9950
6177
6661
5500
4105
3500
4577
4247
4381
9921
8930
7029
6944
5567
2998
5555
1042
5906
3463
8464
7597
6626
5582
9233
563
4113
8905
7888
7968
3364
2940
1263
3967
70
1269
9093
2033
4758
25
9800
6521
4343
9902
4485
6205
9330
7549
9358
9373
6914
2333
8135
8445
3055
576
7798
2906
6894
3212
5882
7585
5583
4223
1133
2131
8885
3837
4450
1680
7263
4816
6976
8195
8114
2643
6782
8462
1602
1045
5387
1300
8794
9963
8494
1415
9626
352
9555
93
9068
1141
191
7713
8289
5935
281
7904
8036
1598
2327
6880
7331
5104
7785
3351
693
954
4432
2232
5493
4944
9838
9643
8419
1477
949
2764
1897
4909
8314
1751
4275
9247
5575
7766
6231
4316
247
8313
4278
5519
9730
7883
8069
7680
4530
4939
68
4001
4091
2502
4052
6966
5887
3912
3570
8435
3075
2240
12
5357
4757
449
3784
8599
2692
1215
1317
5266
7760
6461
1822
4154
4803
8067
5276
2917
6650
2949
1790
7303
6126
5077
6153
9321
9848
9234
5333
6867
7897
2773
6064
9311
1900
1202
1845
5363
439
7824
4460
9211
1092
8249
8243
1091
7724
4911
9347
178
6755
908
3317
8974
1103
4951
6838
3190
8498
6108
2121
6140
9928
1703
1387
8296
2558
6446
7623
9281
3641
371
6967
2636
6952
1239
4671
6125
2689
7248
1875
1357
74
5985
5019
5570
2419
8722
821
4574
8248
7605
6376
1282
3698
8021
3282
2260
455
7356
2975
4678
6483
7090
1349
424
5076
9779
4071
214
2067
5900
7349
3328
5319
3499
1074
6424
2650
7472
4796
4702
8706
9871
7867
584
9903
9178
6257
5227
9549
2958
6267
5144
8918
4197
9610
1812
4640
1607
4023
2038
4058
5693
518
4147
4030
8250
5193
1096
7055
7945
5656
1791
7490
3454
2859
7395
9938
5146
2379
5558
2285
1213
665
4744
8939
1493
6929
1701
7951
9813
4683
7528
3247
4414
739
8001
4533
4311
133
1431
1815
5201
39
4631
6620
6187
4591
574
764
4177
7024
8871
4499
6149
4575
6132
1064
6154
7685
1588
4740
4609
3770
2562
1671
5185
7923
7939
9581
9918
2589
3749
2338
1693
1556
1056
2220
6553
6741
9916
1419
7709
7931
7860
1400
805
3949
3956
2826
6653
2060
5981
5242
4623
4127
9393
1435
4503
1626
7065
3938
4008
1628
4089
982
5532
6825
2977
9771
1134
888
1903
8190
3788
4924
9987
7352
8983
2167
1811
1023
4923
5224
3409
886
538
6709
662
4027
3935
4584
3849
3601
4313
485
294
2882
2030
2504
5090
4357
7650
9229
6230
2436
1719
8628
1299
3015
2769
9924
5891
2536
5322
7750
1707
3258
1428
2252
5442
5814
7267
2813
3059
2899
2832
9613
2596
23
8143
3834
6442
6475
2308
120
9018
6001
1750
4146
2758
9012
1389
8350
5908
3162
4254
4291
1252
4321
259
3331
6403
2657
4643
270
9487
8444
9988
3419
2699
9890
826
8831
7252
1775
1257
9651
658
3680
4252
9081
112
5026
4047
3356
5212
6598
5580
3543
8182
1498
7079
7444
4282
4800
9868
1246
2842
2646
8769
5759
8600
8963
1194
5554
9572
6027
9562
7468
2483
9925
1177
3974
2341
7337
6082
2569
8557
5612
4494
1912
5486
4119
644
416
8633
5997
5852
7992
9287
7451
5346
6184
2989
785
5064
4457
9131
9996
1978
5195
1385
1068
5850
9141
8369
3572
3184
2346
8317
8070
5418
4236
8989
7944
31
6004
3111
9266
9683
7399
1293
7756
1348
7681
9737
3303
8381
1127
6532
3430
4429
5537
3030
5284
3625
7887
1510
96
1850
1358
4989
2803
3918
1992
2539
4361
4788
6918
967
5037
1301
1523
4402
4856
2166
278
6470
4081
7358
1330
105
5695
5781
7573
9673
5439
6265
9169
3220
9199
6893
6627
8117
5448
8239
6406
37
5314
7353
9344
275
4781
3950
8260
2248
9354
83
4560
5563
6989
3388
771
8642
3697
902
6396
9154
8957
1307
4107
9391
6557
9308
854
4352
9910
9733
817
91
5626
5678
1665
7212
7921
7392
108
2207
6695
6203
1472
6915
5552
8478
8782
5209
6754
5991
6560
7917
6775
549
461
9852
8288
3961
3607
1124
3841
7050
2568
4767
9055
9501
6098
2027
5168
5407
1198
9299
42
8612
9114
7176
1298
6859
8703
6499
2278
9563
4453
9170
5289
3986
8336
4639
2389
396
7865
4851
2687
24
9609
6830
3685
4954
2069
4730
952
768
165
2283
3434
7565
230
2613
3884
6229
2950
3838
884
7391
1278
7873
5560
6486
2269
307
2316
1587
7552
7634
1797
4870
7448
4628
1731
4196
7591
9087
3467
6167
5285
4110
8278
2307
6009
1292
2072
9972
4948
3540
1856
8152
3373
5172
1083
5804
113
2147
5835
2933
4877
9389
3982
8679
5821
5509
1915
7911
4688
9534
4960
2598
4395
6892
9278
1985
5868
6693
3523
3277
8595
5132
6380
333
1807
6378
9241
3368
7151
1408
3595
5711
7924
5801
1451
7045
8560
198
300
1205
8495
8795
7802
9850
8973
7058
732
1138
2161
5772
3962
9110
4586
7583
1424
8254
2852
4398
2398
6957
3172
3911
3860
8035
9216
6309
7539
3821
1977
2841
5864
5079
348
5696
3686
356
4953
280
5655
3535
1759
442
8457
6964
1976
5847
7265
6401
5941
6763
1337
5435
9905
2239
1927
6363
7963
1450
427
2138
7813
9804
9686
8870
8636
9223
5257
351
7016
9767
5329
343
5107
4834
4198
5432
1114
5757
6950
1959
1129
4055
4190
3185
1651
653
7406
387
6419
4542
4342
9614
664
2935
1880
5259
1339
7025
7519
8365
1136
9541
5335
9476
3204
5130
5564
7833
893
4472
4195
9043
4718
6350
9348
9895
3951
2781
8075
9276
1661
1891
9543
9041
5354
5648
1534
1785
5553
4183
1603
9248
7990
6271
7362
6426
478
5232
5423
2369
8717
2318
9060
1991
710
3192
7697
2994
9618
2920
9759
4348
404
8083
9843
5385
829
5110
6595
1902
6397
8311
6586
9718
6784
6373
6051
3179
3076
6873
8145
7568
1285
9072
7163
5482
2496
7767
9602
5756
4938
2888
4136
7569
8474
9751
2873
5280
6690
1262
748
1886
5072
5829
8773
8212
5279
7987
6542
7662
5485
3767
4619
168
2849
6386
9486
2843
8055
8755
7150
169
7080
1467
5162
3578
2586
9511
3371
4836
4949
8961
7393
7708
9659
9842
6288
481
887
4654
7260
8899
7868
9439
1311
2242
7689
1452
8307
9754
3842
8715
9770
4439
2281
2264
8934
7422
8091
1938
4738
4360
4245
7111
5589
7311
5698
4086
5311
4627
1034
1048
8259
5916
7737
8951
1528
2328
3433
1667
5740
3902
9750
6159
8388
7643
6101
107
781
9455
8394
94
6395
7205
5167
3437
2710
4576
3194
4049
689
9128
8255
5535
3359
5223
7057
4228
1996
1933
6493
4476
1195
5598
4699
6778
2801
3663
7093
6423
9284
1176
5815
7375
761
9304
4884
8176
629
1163
5402
5149
1621
4804
7300
4337
6287
6884
6628
3896
546
2094
6375
5425
7373
6920
8412
1019
3250
6232
7464
7437
6272
2354
743
2468
1543
6020
9440
1024
6924
130
4984
2097
3159
9021
8376
453
7179
7046
500
8352
3715
3638
7941
6118
7652
7377
4269
6970
8556
6978
2158
2182
4995
8200
7322
8667
2272
8355
9313
7889
6346
7603
2698
430
4756
3933
1833
4773
4991
5088
2290
1882
6055
3760
9847
6099
7077
7048
6688
3199
2983
8563
581
2919
7359
8218
2467
2619
3665
7096
5092
2945
3908
6663
2320
3571
5734
4125
4931
7535
2107
6599
180
2737
6527
1825
9288
3178
7240
5105
882
6535
5249
425
6178
2612
3301
3339
5521
3880
6765
1502
7909
8759
932
8092
2768
3527
6772
631
565
2578
3219
7716
8338
5030
4708
9049
9469
1563
1586
6169
8275
4632
9518
6733
2068
1689
3127
8042
3262
3619
4912
2314
541
8960
8112
8650
4082
6888
1955
3787
5898
7541
3170
6687
5123
4822
3320
2413
4093
8904
6865
5102
8097
8965
5657
2364
3028
7757
7789
482
4889
6045
1745
6206
8903
4033
7259
10000
8333
2529
3559
8555
4442
1089
3169
6083
7812
9367
2725
6584
5415
7320
7733
6762
7596
8621
7288
5177
5957
8337
3413
4946
9596
8366
9839
1380
4610
3995
4218
4674
4060
1069
8325
2091
4603
8197
731
4855
3370
6501
3312
7858
157
9908
9495
4409
4433
4690
1917
5484
1443
6066
3588
3610
4294
2728
831
646
2287
7731
1579
8530
4802
8572
3712
411
5063
3803
5654
2456
1542
9433
2637
1404
4578
6076
5699
2733
1612
9332
5938
8294
8301
918
6405
6172
1650
2102
1168
4810
7514
9468
195
3522
1036
913
6399
8942
1131
7446
8284
4512
8396
5680
8267
2825
163
4908
639
1275
5431
6722
6106
4812
3958
8790
4997
4630
7721
8564
8123
8537
4184
6834
18
6883
8629
9946
4711
4376
7524
1700
725
1761
3647
849
1503
5701
4743
1987
2008
7626
4675
4250
7073
3783
236
1810
1746
9926
2035
6321
1402
5647
4590
1713
5381
977
6931
5664
9147
1126
2280
7035
6840
5766
8758
5964
6740
2016
5823
2693
9697
2113
9003
491
4262
9324
9477
3017
1572
422
7094
1796
9191
8047
1910
6717
4515
9323
8740
176
9500
9719
4846
3384
7679
1648
8562
4264
3197
752
7882
4005
3618
2055
1506
3284
437
5871
5840
7893
8413
9473
6692
1367
9238
2775
7318
9479
5380
207
1772
7675
6737
4579
344
9679
2375
2200
8526
3517
2512
7687
9475
8422
6358
8354
8801
2642
7312
7141
128
7407
4335
1696
5660
6495
6183
9466
5141
8281
1425
1710
7209
1248
3746
7674
6438
1329
3193
6507
9599
5255
3134
8483
8814
1868
4993
4785
3702
1566
7183
2534
9054
306
5731
7763
8610
7874
9345
4281
9698
6242
7120
3482
4929
1356
6459
3014
4835
4985
2056
7854
6107
2573
2508
3422
4917
9245
5969
1266
149
4167
5594
799
8298
1422
3624
8635
3062
2669
2548
4454
5627
4179
1366
159
3468
9552
4543
6686
7114
1378
7560
8194
4805
2668
2245
3895
5017
623
9546
1071
828
8081
4135
3290
7935
6988
6735
8331
2640
4763
1037
1950
2944
9571
5136
2206
4283
5497
3300
1808
5905
2527
8416
2109
5103
4662
8428
4906
2298
6699
8077
5160
989
8370
6658
509
8594
2194
8479
1442
4705
1842
4981
9040
9143
20
9453
779
672
9478
4495
3271
3225
9192
5788
7834
315
6815
5067
6253
1763
4844
5055
6640
7631
4502
9472
4950
5282
8949
8826
8252
4116
1216
2178
4371
7107
174
4564
9872
6979
1949
8552
5124
613
8680
1741
9966
5034
2861
7629
3494
1585
4881
2572
7020
4903
8746
7837
7124
7323
5053
6904
900
7503
5771
3790
1730
3233
1135
6956
5240
5904
2089
3443
5920
6383
9438
1831
6668
84
648
8251
217
3353
3930
4172
8132
9777
7500
9937
3335
3061
5901
1456
793
4862
7162
5506
7748
443
3240
7307
690
724
2236
6889
2076
9540
9396
4988
3405
5796
406
4973
6247
6881
6670
3602
9272
1160
5651
8651
6497
5769
9922
8744
428
2100
9028
1226
8204
480
7630
7871
5401
2235
33
767
6080
5792
7669
9437
2464
6845
759
78
7266
2198
5176
8169
2511
8941
4243
4850
3336
5200
2223
7193
51
8662
3369
6240
6071
3292
9894
4571
6534
9803
2099
3644
1960
6937
9929
6228
1512
6369
2915
1576
4169
8213
898
4507
189
3721
8765
2323
5272
9267
2073
2258
7371
6672
9668
7705
8972
3326
9269
8504
1284
3214
5842
2321
1724
1656
9978
5694
5111
3180
2934
7365
5828
9970
8411
8578
7376
1708
2749
3101
1508
3755
3981
4818
8583
9834
4130
3829
2972
1777
4349
2513
2163
733
8373
2757
847
8811
5547
4364
3626
3934
9164
4956
5095
4919
2213
5889
4036
4367
2570
486
1952
9762
1673
4572
5463
5653
6254
3380
6538
4547
1223
8938
4617
1094
5295
6319
7486
67
951
770
6645
1009
6070
9539
9341
532
6969
1230
3252
79
758
3393
7838
5454
1688
9090
9152
4191
5996
2748
1003
2065
5035
9374
6922
2227
8368
1739
3406
6310
3579
7042
5897
7068
1584
3811
5768
674
116
1305
312
6677
9107
426
5948
3093
3541
2986
1481
9786
3818
444
2929
7740
8263
8868
3238
586
3084
885
9959
9685
2827
2709
3074
7816
3533
1105
5219
3566
2982
8342
3650
5010
4523
695
248
6481
1863
9666
6392
1106
5369
5523
2979
3501
3748
6530
1890
3996
6955
7983
2486
7578
8816
3085
7327
2475
2185
2037
2556
6024
4682
2473
5762
3057
167
1589
4276
3176
4871
8270
7125
9300
9195
9074
5662
3480
5148
3206
7773
1862
2941
5987
7537
362
6517
6277
1781
8089
5370
8019
8268
6007
7314
1555
148
2481
5703
5751
9551
172
7215
4546
6273
3310
6040
2494
5190
1333
7505
2666
5202
972
9156
6777
9900
6387
364
8065
4232
8002
7003
320
8806
8626
5550
8733
5502
6568
2566
6072
3994
6724
3798
560
2394
923
5890
857
7905
5221
8286
2617
8506
2417
8220
6632
1721
511
8549
2523
7980
7577
4392
6415
4356
2360
9789
2440
5824
9327
269
2887
4667
9136
4932
4015
4347
9694
5499
4234
8460
1376
6771
1243
6255
3201
6901
9126
760
7540
7281
253
5836
9498
790
2778
1308
7474
5727
6033
3872
4222
1021
6104
599
9146
5069
8343
5531
6466
3739
9408
4434
5062
9046
1539
4416
5827
388
8681
2830
6900
5798
2429
8922
2192
5867
1876
9624
9738
2890
2047
2184
3438
3576
9654
723
5464
7471
9879
4128
2645
3593
2711
7368
3741
5398
9515
5593
7512
9608
4618
6758
5761
8459
9831
3412
9955
6522
5492
2460
3118
4238
14
9739
5984
6315
7698
3163
8120
1997
4087
1787
7910
9350
1916
5883
5392
3086
1008
5393
6810
4317
4787
3948
2353
6484
8385
3151
3266
9649
1943
3363
8210
2821
2390
788
7476
2293
440
4258
3137
5312
326
3483
9270
7913
5364
2822
1244
6617
9672
5764
452
1809
5723
8835
8442
2742
3960
4297
3600
4054
8147
4497
8611
8568
4205
5684
2146
9105
5515
4346
8877
1351
2696
7711
4372
216
4256
2010
8118
9092
992
5050
5461
4211
557
5268
7400
7436
1053
139
1128
6590
4048
2844
8185
9809
4239
1162
8802
5807
3386
4562
626
9073
2301
1887
9629
4401
3056
8404
2334
5726
4687
4587
2208
6878
123
6168
5581
3673
3449
671
3095
7214
940
936
5473
2900
9442
6614
5739
7036
8357
7821
1653
2202
2350
9306
6457
5032
1757
6569
7084
2145
7146
1975
5881
8391
50
5720
2452
472
4778
6630
4532
8177
824
9231
4471
6983
8749
5932
4340
7967
6359
7572
3397
350
1478
6524
272
2211
4095
8687
8256
6809
6860
2924
4801
8924
6980
4322
9531
5154
7473
2066
7548
142
2059
8750
8872
1420
3493
5462
6121
9863
9429
774
6516
1227
6666
2400
2786
1353
5421
8684
2386
2432
4315
3392
9822
7622
7339
9056
2270
5541
147
6086
718
2789
832
2854
1981
1827
8998
8716
5760
119
3596
2608
7938
9483
3905
336
1259
4013
9917
413
7820
9305
1795
7103
3361
6164
2741
7899
5944
468
2148
519
5471
9063
6112
7676
5024
3639
5274
385
7015
8672
8547
9184
5663
8238
2736
4638
7056
523
4943
229
3352
6786
625
6093
4137
3425
4175
7720
3616
9179
6458
122
2282
9496
5194
7736
9795
3617
2013
4887
3249
1416
97
7104
4418
953
4259
514
1663
6150
8697
4101
1560
2445
5305
4194
1421
3611
3730
6518
4153
8732
2547
118
2303
4779
2834
7044
1264
2084
5325
3699
9693
8927
7510
3936
9878
8792
7254
3462
6258
3265
1255
8229
4468
9445
4510
4244
341
2437
1697
6749
5394
9832
8109
2535
1107
3155
7495
21
9322
1716
9936
1919
4339
3973
7143
8531
2497
3394
9993
4955
5430
9167
7946
6657
1437
7170
1649
1014
2644
2495
5809
9884
4768
3435
3202
2230
1280
7200
143
5433
5749
1085
9640
6549
4213
8461
7835
1271
384
5525
5189
2351
4714
4712
7106
2697
4014
7776
1639
9980
5710
702
8326
1004
8561
7258
3536
520
1715
8198
1629
3612
8981
7438
6562
7769
8543
9148
8206
5376
4448
3187
7696
5650
3377
5942
4295
8358
7914
3709
7814
3878
4063
593
9897
7564
6022
7639
3234
9663
5704
3032
5184
5128
1149
8538
5621
5161
5099
8615
6503
582
8363
2507
6908
6432
7419
9984
7678
2682
6544
7601
1185
499
2704
3844
8013
1600
1601
8151
6897
6877
7317
4411
3859
1881
4558
8575
1099
3545
7633
7166
4178
2300
5362
5264
5291
2183
4626
814
9536
4270
5015
6654
9404
4820
6430
9365
6465
2515
8010
5440
8896
9140
4644
8748
5375
7799
3964
8003
2881
2180
2880
869
7673
2554
5728
8660
5350
6202
3228
4933
2743
8193
2050
9268
531
2877
9303
1097
3278
6543
5299
9033
2910
4715
684
9219
7429
3242
470
8654
5636
5748
4549
6606
359
815
9712
403
727
2358
1251
9320
9115
6188
5174
1313
955
5534
6997
8825
5813
134
211
8618
6407
3257
4098
8605
858
6170
7744
3333
7741
4710
2804
744
1206
9883
5372
2403
7895
1171
3416
6013
4753
4419
8079
4044
6342
998
7747
3808
4459
6390
914
8280
8898
8668
2703
372
419
5773
7054
868
5125
2160
4400
4996
5974
6723
9967
3751
1571
1486
3119
8956
1893
9893
1922
1717
9692
4016
6513
3719
7553
7226
5844
4777
4548
6190
7846
6002
5690
8511
9948
2330
5020
5262
616
4456
7140
5602
8028
9198
5215
3023
7610
1258
5631
542
1522
1995
7155
4260
7735
6780
7707
4651
8497
9037
5649
4505
7989
1207
5587
8997
6965
319
7732
892
1347
6220
2719
3609
3620
3358
1615
4570
1225
7574
6608
4731
3366
1411
2976
6890
7538
4735
3135
2317
6189
3871
3799
7241
5873
224
706
9740
7225
4685
3385
651
9952
7784
6973
8068
5724
8421
9091
5945
6612
5571
4696
1874
9456
6327
4545
8632
6219
5165
8510
2708
1268
7187
4898
7729
4385
4390
354
575
3472
8554
9736
3577
1365
3401
1980
9274
7062
1596
6963
3985
3707
9252
8785
6812
912
8236
7249
7070
3408
3645
6127
9086
5426
8664
9421
6564
6379
9215
5263
3420
2679
729
7244
8408
7694
4602
1581
4762
9558
4896
3630
8187
6468
7005
4020
9424
2324
4334
6354
7453
4368
2847
4085
2509
6302
3038
9669
6854
2894
3389
6651
7404
8845
3410
547
5659
3776
7817
4421
6925
4412
4383
6505
7915
7398
4700
4519
7027
8597
5713
8678
158
4983
7971
3561
3396
3407
8553
4296
8043
260
3718
7351
5919
1873
5645
728
6659
7161
4180
5013
8471
4338
8029
8163
8257
6193
9462
3099
9079
9426
6370
6137
652
5384
4544
161
4387
7295
2996
8995
6751
448
6974
5236
9583
4666
8873
1969
1953
5923
6409
9356
1553
3461
7664
846
8008
6320
3497
4255
7779
3920
4759
6298
4375
9298
5120
4726
3191
4126
2816
7974
4161
7243
9
2724
9082
9297
2836
5949
2607
6874
7237
1100
6649
6144
4451
3942
8821
4056
1315
7878
2990
7755
6332
3481
8119
405
4975
712
5307
3263
4737
8258
15
5999
2648
825
8649
4051
8122
8609
605
1942
680
9727
1464
9731
1146
2525
3050
9108
6887
316
4769
3524
8512
3123
6694
7270
1190
6991
5159
3029
6365
9240
5405
44
6410
6269
5784
3082
2549
5716
4092
2275
4484
104
618
1324
5140
713
8834
1440
7459
2564
7492
2540
530
6326
6939
7896
2424
2663
9485
5315
7173
8004
4462
7620
7247
1058
9510
8861
5170
99
4420
4165
1908
9499
2423
3694
2521
6293
3018
4028
1461
4839
3045
4725
1065
2885
1137
590
5192
6081
8889
1869
363
2518
4783
7666
5604
9325
72
5779
5619
4249
4522
6075
1005
4518
6917
3287
8837
6096
4481
8807
1934
8727
6705
4185
7544
963
5166
4300
6374
7636
327
5278
5169
6192
4274
5039
2261
1455
9237
533
8652
6135
6478
1231
4928
4
1345
650
8196
5371
2550
1829
615
5480
4809
5568
2652
9011
5389
7936
9307
8876
1203
750
7788
9109
9271
4314
8242
9940
3623
6715
2299
9051
4806
604
6697
5608
1898
7686
5691
3529
2921
1692
1113
5810
200
6061
1784
7007
9134
3999
9262
8006
4668
5912
9992
8741
6953
6949
8714
5251
5633
3306
5721
3888
9001
2085
9168
9869
6585
8542
9279
2224
8302
872
8536
3983
8166
6028
8620
121
6744
9336
9000
938
5777
5789
4707
263
4285
8622
9601
5382
2159
417
6992
809
4012
859
3112
8601
8544
4240
1906
3444
5097
5708
9200
5861
4061
6799
1937
8976
2368
5391
8049
1342
1044
4789
8466
8261
2277
4786
3573
8017
4799
4410
2382
6062
855
6450
6682
595
5672
5733
6847
4582
4831
8443
7440
1027
2421
2651
4176
5665
591
734
7416
2356
3488
9971
8894
6797
9507
6702
3375
8086
5562
8788
787
2744
8693
9821
5820
5712
5453
4869
3189
4006
9765
3546
3526
5379
641
5644
4157
5352
9578
6490
3729
7908
6367
6625
2937
4962
8978
2048
6444
3913
3445
856
5052
9523
2779
7619
1169
86
3722
3855
3921
8571
9197
4102
9484
5572
1303
8832
6731
3899
6437
5639
4918
765
7808
8137
2279
9941
3656
6631
5378
1892
4417
2120
7403
110
4467
7378
8573
1463
9906
5108
2127
8415
4114
2043
6902
2823
5308
668
6414
1664
3826
213
2912
9674
1409
6073
3026
1326
4902
786
7098
8882
9942
1727
6412
2951
2634
8418
2225
6998
1965
1540
9901
6913
6676
4650
4478
3504
9691
1290
6105
2875
8129
6
6621
5340
1788
314
7536
1022
1122
746
2410
2584
3471
1288
1760
9346
6111
4053
1043
2210
103
5687
6147
9137
3122
2487
2606
45
8935
3473
986
762
6316
5878
2732
2884
6613
401
9524
9576
9243
965
5306
7671
1999
9579
9413
2840
9660
5073
6092
7928
5975
4149
9463
8048
2214
3459
7342
3835
569
1108
784
9430
5590
4069
8800
9010
9214
8341
1175
8524
8514
5755
1000
7188
205
8205
6209
3633
9294
2796
8420
3923
7039
2412
5225
3714
3209
1253
7293
6770
3090
237
9676
6236
2765
1261
5237
9527
1055
2857
8911
8884
1931
8720
7310
928
232
6768
7796
754
6173
483
5119
895
697
5642
5507
678
4890
5468
462
6389
2818
6155
8400
7074
9494
170
5746
7589
3160
7644
1591
7152
8395
594
8316
1677
1383
871
3485
3682
2319
2706
1504
6862
5860
9482
4658
6619
4104
5635
4166
2169
9083
3293
6234
3246
7059
1530
638
4248
4568
8344
6225
1676
1327
987
1200
1237
2362
3374
9176
6567
3597
7864
2633
9875
4242
7561
4942
8523
9757
9157
7762
6067
5093
4123
6945
8499
8371
6907
4201
867
3574
5520
1744
9722
5782
1159
2953
4734
183
8308
6641
6671
4940
5896
2143
7426
8025
2731
3736
9796
3800
1346
3022
7333
3563
2505
7061
9909
2122
4330
7850
6044
410
780
7780
7297
6283
175
1520
1926
2621
1930
8228
3452
755
4793
3267
1766
3391
6664
9931
4873
6280
376
3138
2078
8996
77
2028
1846
3239
7477
5743
2042
2447
6975
5410
4832
3241
3154
8007
5495
4999
1158
7749
2196
6420
3851
7502
2080
382
9123
301
8315
3769
4155
2088
6428
6633
7965
9435
8892
3070
1517
2964
1170
98
7973
4537
5286
9780
2216
2025
8775
8253
1776
3216
8509
399
1684
228
9619
6727
7657
3520
3858
2054
3710
2903
402
6330
8671
5714
571
1770
4449
5273
2969
8591
3440
7160
3065
1562
8745
7001
5679
3671
3724
5211
9755
8977
6550
2132
6487
3042
7087
6759
6199
9351
960
196
4915
5986
3590
8175
7424
1802
1453
7285
2776
3825
3752
5243
5321
628
2203
8183
5158
8186
6322
7204
8033
6003
9784
1316
8986
8305
2061
3547
3886
3243
5674
501
9810
456
2365
2968
6259
5614
8655
2995
8271
3668
1490
3309
4396
9388
9621
5787
5022
1066
4925
5692
7199
1780
1855
8053
3492
1049
9559
929
9254
7194
330
910
9230
9605
5705
1295
4118
3704
521
5989
5113
1694
6844
7304
2654
489
185
7959
1624
1396
9641
9632
4170
5214
7792
1513
2863
8178
9553
7236
670
8958
9976
4202
2218
6314
6871
9490
6114
3175
5863
3762
8878
2604
3585
3552
6436
9224
81
5992
7809
1984
969
1722
9078
6266
4115
4765
4866
2641
4751
966
9045
2805
5390
2672
9745
7350
9658
8367
4134
3583
5112
8407
6691
7479
3621
8115
383
3324
8128
4106
6017
6180
578
3465
6752
7551
1011
7296
3743
6238
1370
8180
1678
1073
1948
284
5353
8406
2956
2806
2255
8335
8570
7828
5011
3891
5884
3486
5330
6912
6053
4273
9289
5027
1699
3637
52
844
7518
3125
3604
2478
4406
6732
9920
2284
1001
3584
5446
4849
1735
1737
7948
2557
1683
2770
9999
4698
1336
297
708
3758
9630
8669
6449
4464
2963
3556
7962
366
6472
3532
1449
3614
4892
1144
466
505
7234
8962
1570
7273
975
13
8874
2991
5875
978
3051
2231
1516
6930
8192
4117
7442
9127
3761
8704
2357
3854
391
3143
5886
9027
2326
3484
7543
1061
1018
6793
4684
4986
4263
2926
2294
6443
4615
9699
3003
5596
2653
1488
6790
4473
8657
421
924
6185
5065
201
8297
1495
2897
4100
1705
9542
9203
3132
5588
4664
5869
6151
7467
5931
1323
5791
4435
3885
4076
3513
1465
1250
8032
1695
3907
3978
8233
8933
5183
378
8925
8817
5367
3067
1800
6923
896
1668
7175
8852
2675
414
9166
9704
8039
1733
9120
3901
5805
9769
7497
6954
1012
5718
6448
5343
5288
1535
1674
4351
2000
1914
5490
7621
8240
7191
2427
9410
9340
7517
9512
808
3853
4072
8772
390
3198
3765
7469
580
1544
5730
866
8023
6700
8410
8577
1368
5917
7529
1768
3097
823
9286
2032
5963
9530
9414
141
2561
4646
7382
8929
9057
9207
9100
3608
1690
1119
4930
9474
451
5204
1878
5849
1643
6866
773
2157
8847
1188
9823
4309
3843
2661
673
9522
3657
5447
3768
8535
9222
5669
2189
347
6241
5893
916
1675
2597
1270
5803
791
5452
335
6211
8405
7122
2011
4829
8887
9768
4580
4732
4733
9182
3947
1471
1150
8767
1363
962
3740
5833
2901
6636
8201
3662
273
3147
7682
2928
7997
2477
3708
2632
7425
1799
3539
1229
8024
9174
8377
3706
2622
3161
2137
8221
5000
8516
2627
3110
9185
1828
8041
8207
3865
4073
2756
8895
9411
6041
1183
8627
4447
5628
2792
4509
7239
9702
258
3797
9422
4629
5516
2553
4496
4945
3027
5121
1774
2335
2310
7804
5903
1458
8348
4304
1354
7925
1533
534
9210
1172
8386
607
5428
9560
7531
4686
9032
6235
215
1907
2405
9385
8465
5982
6703
6348
2376
6163
8439
2295
9159
7423
8084
4819
8056
1328
3717
2839
8154
9811
984
5115
9196
4947
9820
2855
7067
504
3696
3164
6843
5786
7725
4553
5851
6747
6218
8726
8339
5025
7434
566
7030
6533
8417
6662
2154
6792
5927
6798
6783
2126
267
3141
1046
4174
1281
2846
5872
256
4600
6171
9647
5246
9139
6200
9407
6531
8776
2263
738
7380
5738
2104
5059
5231
1418
5488
4219
9343
8897
222
5848
8037
1541
7091
851
89
6453
3692
8527
7588
4723
1623
2630
1360
2545
2034
2879
7123
3687
2433
7432
7823
8992
6036
798
375
1245
3992
8987
8764
2029
7198
2093
5434
7493
8216
1051
4143
596
513
6116
5817
6597
9833
524
9513
9006
5018
9459
7232
1104
4353
994
3323
3565
5068
3525
3005
1454
353
4163
9860
3598
1816
7855
9334
6655
3229
7210
2895
973
3495
9492
2454
2058
988
7470
9129
5613
2175
1614
9957
8937
3569
2609
9517
8424
7460
2872
459
7430
8486
1123
6445
782
9573
556
7668
6074
6308
1568
9352
3072
5460
9801
2197
1729
2342
4251
22
1749
3357
1962
3329
2889
7979
3033
5283
3785
2588
1747
1848
5139
1521
1407
8945
3035
3840
3676
7420
4867
1594
8851
1111
1457
4080
4539
5638
5822
6262
1447
7361
7292
7611
8603
8062
249
9620
1979
7156
6604
3941
8349
4064
5783
4813
8701
5983
8171
8907
2370
663
6551
7902
3646
4845
6839
1793
4204
7485
8356
4038
919
619
9103
2046
7219
9405
3004
3343
287
4716
3756
4885
6278
3213
8695
8647
192
7534
7242
3605
8865
8364
2580
8808
3828
3904
4770
9962
6600
7443
7927
9594
3848
36
4637
1957
840
2800
4605
864
9158
9790
2257
487
8293
6556
8779
3322
19
5742
5233
7037
1430
5799
7138
6721
9395
8590
7803
5009
296
7778
2140
2149
3382
2173
7653
6198
8883
8823
2690
4083
3640
1115
9161
8902
2911
4861
2352
4641
1153
1086
5508
8641
6909
9069
3980
1028
8906
5152
6422
4760
6689
8799
602
6299
3379
8161
1191
8034
4508
2729
7557
6335
3063
4670
5845
8830
5622
9202
5865
1884
5313
2453
2783
8954
3653
8076
2530
7022
8815
1558
9497
548
5536
90
8721
4268
3316
8027
8666
9805
1480
2817
4680
8953
5925
8534
948
155
1753
7321
1764
239
3824
2670
2891
9537
1973
5922
6855
4703
1608
8052
4483
9561
7223
4302
4957
6025
757
1923
6665
1394
8440
4920
3589
8718
4111
742
880
8101
5275
4253
2448
921
4289
2625
3295
1302
3060
1620
3073
5347
4747
3081
5870
7665
2117
9589
5075
2658
9419
1754
8913
463
3759
8966
9383
6281
8246
2118
740
3217
945
6539
8909
8379
1635
365
5970
9250
8058
8756
4062
5247
6629
488
3294
4540
635
8217
522
2457
5377
5175
7764
6038
1595
3259
7280
4695
5918
6905
8517
5524
7491
8423
7929
6264
4880
5994
88
3734
1193
2259
3654
9232
4612
1233
6176
1896
8955
2372
883
138
4817
7999
611
3304
2831
1669
331
144
2828
2932
9075
2171
6331
2576
266
7659
3959
7461
8589
980
9102
7326
5188
4672
8409
8614
8050
9645
555
6787
5021
5717
6986
2639
5135
2802
1325
9359
3068
4661
6995
3490
9443
3542
5543
9151
6861
8685
7586
9401
8616
8482
8437
7301
8382
1565
528
6819
4722
4150
2455
5058
1583
946
2965
5094
164
8920
8476
2531
1222
6776
7891
5961
3098
4840
1121
6122
4151
1867
3128
7275
151
5318
467
2253
6616
66
901
1500
9913
2815
2041
6029
3453
4131
1988
8833
6559
9696
6337
8725
124
2626
9983
2124
6347
9008
8063
3126
5153
3327
3302
6895
2133
3398
6357
6491
262
206
617
7008
4458
9135
2868
2414
5539
7830
553
1864
9145
1112
7324
3139
8709
7977
1738
2893
156
8705
6831
6685
5939
4811
7958
4436
9026
8046
8104
7646
7892
9363
9423
4990
6718
3508
8881
4882
7499
8138
911
696
6290
7825
4868
7655
4122
8742
9226
7580
1901
2688
656
5544
2116
146
8598
3308
1723
5366
6451
1109
3291
6323
7245
1145
3852
4982
9761
7806
4749
2784
9748
7719
5494
4656
5003
2229
1087
2070
7099
9149
9024
4795
7875
3319
4210
3991
268
5709
6681
6243
9586
6579
188
9797
393
3381
804
7231
1320
6050
4290
2721
9326
1006
4606
2463
2052
9864
6554
543
190
5007
7978
7415
4209
3971
1573
221
7475
4634
8468
2219
4441
3436
4231
8643
573
2674
8202
4727
7843
7134
3230
5538
6635
3688
1209
1095
6836
4555
6089
5458
8503
5241
2450
608
6248
349
2851
7131
9634
3079
4559
9958
6607
1569
9454
9886
5138
4325
1199
6447
6512
9774
9009
5830
374
657
9337
1462
3998
4914
8057
3846
6514
1954
6870
3910
2019
2151
2829
9792
2315
860
6425
7943
3001
3261
9766
7306
2311
4766
7218
4344
2660
1054
8159
1379
5290
8914
1489
8940
1232
7656
2677
5145
6540
3560
9841
5005
4171
182
6085
5546
6938
6019
3144
1084
850
4556
5436
4826
254
878
5256
4827
1277
6743
830
6578
4608
9752
9084
4879
6803
6460
2465
295
6344
2036
7147
3591
9819
6471
2574
1361
218
8425
3502
9520
8327
7396
9138
8528
9776
4227
9592
2431
5765
2938
4772
4272
2363
9734
4266
7489
6441
131
5049
8094
9606
527
1079
9273
8165
7975
4746
1152
2244
7105
4824
5361
9310
7031
2552
8677
7640
9914
8191
2966
7726
5956
1872
2745
853
9171
3036
137
2671
4551
6068
6295
7009
8332
9335
5126
4490
2021
271
7299
7345
7113
9259
6385
3171
8265
6738
2973
7918
3793
75
4156
4216
6078
5954
9828
6252
2705
9986
1967
7993
9858
8340
3447
5808
8593
5397
7772
8545
6910
9432
282
100
9840
8867
3362
4833
2524
2718
3053
5048
2886
6928
5437
4193
3861
3766
1637
9615
579
8719
3660
7900
7033
6927
7743
2738
41
2700
3587
4068
7387
3780
6592
369
321
7654
5386
9361
4324
1847
47
7334
9364
6698
7546
2110
3554
7509
4463
4000
8780
8450
9866
7222
6656
1072
3024
903
8328
5732
7839
7372
3360
6091
4042
4653
5304
7374
8863
1531
9951
745
5491
3510
6336
6213
6148
4319
9904
8846
2780
7661
8158
7341
6502
9982
5234
9398
1982
2130
1622
699
1905
1384
4299
5014
43
920
6411
736
554
71
5109
6334
4894
3383
9644
7217
7329
4004
7693
379
5248
7684
2914
418
6794
5303
950
5885
6618
7751
8843
3873
2600
3054
1260
7298
3091
508
7367
4597
7593
688
9101
2187
4026
1851
8890
9089
3464
7354
1515
5191
9489
5758
9399
1060
5220
9664
1627
1166
8700
9846
5702
536
7795
7040
2791
8078
6906
4566
8921
7316
7284
2811
5640
9570
7043
6119
5038
238
6318
3133
1839
875
9353
3805
8080
2782
6971
9949
2662
3537
879
3804
1658
9208
9732
1638
717
152
6311
4277
9357
8009
3754
959
806
255
4798
2129
4303
3984
2714
4428
7484
6525
5902
3893
6313
6753
2007
2943
240
8334
9587
2591
1575
6528
1734
3733
7609
9743
4927
1789
9584
6856
3723
694
1426
9369
6996
5951
3987
5706
8943
3548
8351
4691
4017
1221
958
6808
3773
8403
1679
441
3735
4426
3551
1625
5504
9249
2970
1858
3120
6891
8604
3227
8470
3866
5294
5408
9121
7595
1527
4369
5129
127
1484
5142
9016
2438
5616
6713
6660
6523
8999
6362
6903
4848
7581
4959
956
3281
9876
3105
6110
4561
6333
7625
970
797
5854
6480
1319
5417
2435
9961
6832
6999
8567
9595
2482
2720
7159
2144
6896
1189
4373
6863
4078
3021
6941
3094
9682
1633
9882
9368
109
7822
2628
4129
3264
342
2922
1306
1682
1507
939
5643
9160
3990
3521
5342
5625
8073
7126
4965
2051
7344
8658
552
5715
6352
8766
8854
1590
5210
2746
3256
2387
905
8148
8710
6728
1180
3900
7347
9528
7604
4966
686
3165
9409
9331
6251
4825
5469
5465
6596
1551
6675
2459
125
1276
2860
3047
5056
6069
5444
1958
4046
3268
4886
1412
8786
4500
5296
5042
2082
2961
5445
3628
1532
2385
4182
2767
3916
2312
6464
5620
4655
1476
5858
1786
3931
6398
4133
1913
7617
7101
2571
6708
5676
6063
7872
8698
2967
7332
5753
909
7169
345
6972
9953
3487
1859
7807
8157
9471
8630
906
3221
3674
4226
783
5326
492
9735
5116
1139
9277
7752
3439
778
8979
7119
6039
8345
4901
741
1377
5677
7525
4750
7715
7137
5940
8099
3131
4328
9815
3562
7988
1267
6249
6519
1972
6133
6117
9857
9458
4271
1373
3944
8300
8074
1256
4676
9112
6684
5265
6059
8644
8106
3043
1702
7786
2587
5155
1798
7019
73
1444
7279
1247
9816
5533
6558
9366
4307
4148
4828
1240
6750
4158
9708
6210
4359
4021
1778
4388
5208
368
660
4455
9255
2810
3955
5936
286
753
8269
2313
1433
1652
8991
9122
9155
9444
5819
8857
4470
3166
8724
5041
1067
3963
1899
7953
5400
4491
642
7718
1165
3897
5843
102
6673
1536
8824
8661
5134
7607
5086
6648
1748
6826
873
9013
802
8947
9749
1214
7384
8692
5573
9812
8533
3831
3102
894
7189
6816
9052
9205
5254
1765
7841
3069
9604
2304
3337
4994
4764
9612
346
6926
1559
1801
7933
8607
4721
9885
843
8738
1178
6402
4391
3009
6638
2374
1343
235
7289
2750
6268
3496
7956
9525
7714
2664
2406
5806
7526
1888
6329
3877
1350
7481
5879
5331
5686
7501
3898
1210
4257
7879
7869
6637
1217
7683
9746
3830
6408
9648
16
2243
6260
5199
8126
3041
8222
2331
9593
537
7038
6026
3349
3802
6942
890
8736
5816
2343
2585
2762
4233
4595
8982
5825
2176
2904
3000
1709
1849
8858
392
2812
6669
7651
1604
400
9824
9677
4331
3580
4847
2583
7976
9721
2053
2426
7688
6131
2614
1574
1610
3423
6156
6413
2095
475
6555
8625
3976
6833
8446
666
676
801
8432
766
6084
620
3691
2683
7458
9807
5617
5002
5950
510
289
3701
9349
2428
5427
6100
2377
6433
7810
4327
795
5150
6987
5475
7853
944
3008
2759
8580
9394
2401
5910
6570
8592
202
5557
1448
8631
429
9633
479
8797
8322
5574
9856
7618
2686
8901
7021
5071
8173
3924
1968
3684
7051
7829
8044
926
7794
2201
3940
8184
5862
5406
1857
3251
3325
6774
9974
8737
5474
7335
9449
592
5776
5785
8879
8237
265
3344
2090
8134
288
8663
2155
212
7011
3917
9416
9799
5316
5926
9915
458
2119
4009
1924
9213
7901
2942
4852
8520
3297
2946
7558
4350
2984
5339
3168
4084
8121
3592
55
9845
800
9635
8264
8226
3953
2754
4776
2081
4648
497
9360
9315
2526
9228
5561
9947
7139
5143
6712
8085
2538
4221
6984
6364
3456
9025
4267
2522
9888
2322
4952
6936
323
8659
9111
1552
9355
9076
8596
252
4527
9747
3399
4389
3395
1505
525
2814
5637
3477
4444
7663
1537
6479
4854
7135
1436
835
2186
985
6911
150
1964
5297
6817
4415
3270
7449
5955
9265
4215
3223
3664
2325
7110
9117
3255
9218
3652
5667
2516
4208
5646
2927
6274
9104
4910
4633
5586
9826
8103
6477
9165
3726
667
1597
2345
436
4536
2003
4657
338
6674
9565
6463
3002
6746
4040
8144
6195
5551
6576
5946
9994
9329
2266
763
8156
7667
4599
5101
9318
9124
7202
9965
4635
2785
9113
3928
8208
1038
337
6109
5456
477
6353
328
1928
2004
6339
1547
5036
6391
4622
9378
7717
6275
5298
6835
5337
1050
9080
2936
4516
682
8227
9741
675
7790
9637
6575
933
7511
7072
8840
8805
7550
7158
6678
7174
9533
6113
3648
7213
7032
4141
6361
3078
7078
5689
2265
2306
9333
285
6052
7177
7142
6400
2492
9005
1154
1059
4469
8309
1088
2430
9256
5023
8287
6489
184
4192
9019
1118
5629
8777
6773
8472
3555
6030
2274
3731
5831
334
2807
842
9844
7287
870
4039
8153
3346
4853
6048
3475
9710
5750
8031
8656
8438
2623
1740
7180
2712
5355
6916
5205
1662
9969
7115
5681
2544
1077
1432
7800
3491
291
6781
3993
5457
7734
6349
465
6849
5328
9997
1187
2305
4506
7369
7095
7994
5250
8682
7478
9944
9681
2923
5661
6034
2045
3870
4265
6829
2845
4477
777
9794
3690
2077
7130
6696
5591
1291
3817
995
6340
1413
135
6492
8891
3390
2681
1002
4366
8734
6506
5673
4018
570
6756
9380
5301
679
8066
498
1015
9783
8441
7197
7576
640
9568
4408
6018
4565
5180
7480
8518
8784
3289
4739
7616
1338
4207
4318
4607
3441
9964
2493
2987
3819
5044
7182
5729
1272
8522
6757
1242
4363
6679
632
9975
6948
5542
5147
8778
4728
9132
8985
4220
5993
6742
5522
2115
6128
685
7641
5501
1041
1391
7516
8299
7638
5260
2908
1685
5089
8689
4792
6325
6791
5416
3906
7870
4761
6289
1125
6993
1592
5907
9636
3466
2105
2730
1989
5793
1156
5332
3418
2064
6609
8247
7559
2635
7102
234
8291
1081
4224
2383
3713
6652
8602
445
1238
976
1909
9418
834
9684
1946
1466
6261
2249
3937
4706
1082
7801
654
9181
9031
1070
3148
1877
4088
9153
1666
2993
8487
7088
9015
7777
140
9295
583
3340
3330
6305
7385
7313
1427
3458
4474
6811
8141
7154
3140
2292
2601
5856
7401
322
3218
4774
9787
9653
942
9246
7862
9142
6467
3288
588
4557
8108
8282
5004
132
9622
5812
5526
6404
4771
2254
244
4057
1013
3544
2734
8888
1031
4893
7677
4524
6197
2864
4665
6981
8783
4422
3345
1895
5527
6224
7136
438
7579
6312
2631
9047
1820
6208
8203
9339
8829
8932
7269
9638
474
1577
9194
4663
2336
1236
6245
2469
2111
7515
9428
3183
5383
9855
1813
8071
7357
4541
9598
9376
7487
5388
6706
6710
7706
2905
5934
145
7532
3807
1634
4025
7530
5455
4936
1866
8574
6622
9865
3426
3011
2020
6565
5767
7164
3794
8378
4841
747
292
3997
2355
2441
6237
5412
6429
9508
4679
8427
714
197
8761
9209
5293
2251
435
9379
1654
7998
8836
6500
2907
4842
6940
8224
6842
5540
6356
1762
56
9818
9371
1911
9889
5615
6580
5292
3013
2190
3789
9729
5270
5658
8810
4377
3792
8508
4034
5576
2026
5754
9642
1473
2071
1865
7085
5057
6194
1582
6898
5051
5476
612
8493
3627
7701
6795
7955
1446
5281
2771
6377
5424
8990
8893
3728
8374
4235
8277
2787
6764
4782
5006
5320
1632
5203
6371
5744
5244
9678
7165
8167
3538
1164
5074
1879
5429
7417
7363
8488
8113
4152
9034
3167
9162
8880
394
7097
4913
85
6602
937
5226
6537
3019
1297
9253
6563
8926
6035
6201
9172
8912
2461
3678
5348
6196
8519
2809
3530
2443
9701
8353
6037
3314
6360
4427
3196
473
2567
6473
1529
9461
3455
2752
2022
6851
1459
6594
4094
5947
2793
6222
1010
2618
231
6933
9817
2479
38
1499
6157
7445
3049
4323
7340
4326
8026
974
645
1296
9657
5441
9725
9720
8637
9067
5929
1720
1861
7290
251
5924
7722
726
5895
6417
9491
9956
1474
735
5238
5700
551
4517
6932
4677
9590
997
154
8172
5083
603
4386
2268
1752
2422
3581
28
1078
3823
7023
6785
3874
407
7370
1792
7081
6341
4075
1423
5609
6766
9851
8321
4528
9764
9521
5365
9968
1659
7877
8372
9062
4926
5131
4329
5634
9133
8451
2506
9544
999
9912
1395
3156
1033
1840
4860
7876
5081
4043
9954
5928
8324
1241
6642
803
173
4206
8436
3772
6191
7195
4229
6711
8100
6296
2691
5549
4891
4624
7278
8819
5450
2819
5117
7132
6805
9285
8869
8548
2361
5623
9688
2075
6058
2892
861
2638
1228
9930
1101
4689
3889
4589
8430
2615
4567
5207
5091
1374
2722
4345
9381
3109
2371
7185
1483
2114
7216
4067
7149
7144
6130
943
3857
7463
7845
6520
8330
9775
1871
3402
1511
7302
8634
9791
8447
7355
8608
5060
5841
7133
1417
3882
4563
3550
5336
8454
2772
925
1525
9778
3186
8588
6508
979
4332
9758
4645
5061
6291
3629
1334
2141
2347
7857
4961
5943
3988
7533
4526
162
3378
4538
2517
4724
7996
7700
4159
7771
9919
7083
7658
6455
3814
7
5213
7220
6643
9283
6416
8209
9873
7584
8828
6769
3975
9446
7880
3745
7190
6858
4692
5899
7832
1318
9212
7145
8399
1835
6046
8613
2212
6031
4438
3210
3833
310
8484
3667
2014
7567
2393
6166
9338
2957
3806
3622
3635
907
408
2009
8848
9328
5216
4709
6115
3666
242
5359
9806
3424
6736
5595
7571
4090
1032
3634
2098
7206
339
3705
5196
9744
6095
3879
8232
2017
2727
5797
7455
2761
3299
4121
6720
3332
5592
3113
7672
7890
2415
996
2997
9862
6707
1382
95
2420
9282
7257
1140
3939
2955
8285
5683
4583
1075
983
409
9186
6435
2
9065
5403
7413
5962
7554
7092
8699
5513
6297
1007
3850
9014
3681
7592
2162
2425
8691
3448
4794
8170
126
129
9077
526
9760
8793
3064
1618
2537
6217
3670
9631
4384
1201
5866
9723
5404
6960
1837
7770
1963
1352
2838
8244
4652
7452
7488
8448
63
4301
7727
647
7903
4963
2074
9467
7026
2233
4466
1782
6814
7982
3427
9808
8139
5967
539
5043
6440
8272
600
4138
1819
8690
4261
1956
810
1548
5118
4032
5995
5988
6573
6008
7599
1429
2717
614
10
5040
9911
3970
9275
2616
3114
2012
8731
7920
9173
1173
968
5419
7704
5351
17
7034
7831
3350
9981
4535
2876
4621
4399
1181
226
2462
9785
8133
1681
9655
819
9849
9690
1359
5443
2444
2125
6434
9600
9985
4588
7660
6079
4305
3305
8696
5763
8098
5016
9447
7937
6603
8211
3235
7412
8273
8781
299
1844
3129
6716
4108
7360
9017
7186
3558
1341
8
7465
3603
5688
545
8712
9836
5725
9382
5838
2678
80
9020
5671
2062
4430
2593
5857
1397
1157
1698
4525
7112
7745
2774
7063
2388
303
9220
8225
6760
1538
3564
3342
9650
5422
5980
1273
4487
3791
3812
8813
1644
841
9773
496
3272
2760
4362
7041
9891
9707
6282
2763
9225
6065
4616
9372
7116
2177
1026
516
8915
6943
9464
6345
5719
3108
6141
7783
8401
1063
3365
3273
29
3932
6886
1401
5953
3104
4475
2797
5877
4045
8539
8107
4423
3711
9088
30
715
930
6146
420
6054
562
4120
2267
4186
8970
3926
6935
9867
4531
8646
796
7702
2766
6226
2715
9290
304
5921
8674
5736
5309
4514
6734
9639
1691
8130
6175
2629
5600
1355
1076
4079
9973
1726
3867
8347
9007
730
6485
8916
5556
3283
6504
4452
2726
6868
5937
6388
1151
7542
1279
681
6977
863
5411
3557
3231
4830
8276
2595
1687
7950
6355
9257
8550
4878
450
2808
2142
3775
8559
9292
5578
5505
324
1742
431
7168
4971
4292
5800
6134
5666
5735
5834
8359
7960
4596
3658
3753
9044
9301
8639
7556
4164
7496
6985
5826
1364
4425
6801
5008
5171
2489
5252
3599
3010
6482
8743
8638
7283
7272
4355
2520
4552
7759
8467
2271
558
8362
1344
5548
160
7157
9763
9506
1143
7995
7010
5373
308
6701
4035
3158
9488
5670
2510
3795
3253
5186
9646
9470
2499
2959
9058
2096
529
9177
5466
7739
7826
2128
8791
3845
3260
4823
8402
7884
4445
3116
8149
1983
9557
3146
7414
34
9550
7271
4370
2215
4611
3222
389
2063
705
2599
2685
1606
3269
3071
6049
7563
8850
8587
9244
9588
397
5100
7969
8723
114
4374
3553
4876
6572
1219
3321
1035
7582
6324
3136
1017
9221
2824
8456
3387
9317
8433
1567
329
1860
1806
1468
4865
1392
5511
610
8798
7330
9713
4701
4488
8160
2040
5395
7431
5565
6864
3037
7315
8859
9206
2407
6837
8234
8565
9923
6016
506
1390
2288
8018
5087
199
8688
993
2409
5747
7926
4837
5707
5585
3020
1771
3700
8473
1192
1804
7167
298
3915
6143
2302
6015
6285
1016
7527
1755
622
6462
1304
5874
6730
1312
2909
2874
9547
9048
6589
8453
3781
2555
5846
5973
4050
5641
2603
2992
1758
6145
515
7894
3883
6204
6214
5327
6250
6885
961
7691
9977
6456
2174
6841
6304
3077
1393
4203
3205
7649
245
